0.00036066627241347697
0.0003781422448414621
-0.00039336454842031404
-0.00043027334093110643
0.0004649820879318832
0.0005240569445925791
-0.0005800106754075183
-0.0006640812112817495
0.0007431860582843981
0.0008552098543738307
-0.0009595753471248658
-0.0011026877506497255
0.0012347030455287604
0.0014122919245910487
-0.0015747303107497182
-0.001790545526689757
0.0019867088377867152
0.002245020914666305
-0.0024789414470793732
-0.00278477147057139
0.0030614986829384148
0.00342095387427512
-0.0037469692555835103
-0.004167739670604258
0.004551570848726707
0.005043679384693782
-0.0054968338298953595
-0.006073798427376921
0.00661222846643933
0.007292921903623277
-0.007939410266176856
-0.008751155338218032
0.00953937482946433
0.010523347270702652
-0.011505146670379052
-0.01272637459285527
0.013985737027969144
0.0155530079786631
-0.017235085033474557
-0.019344459557971684
0.021722794789203807
0.024765319457287178
-0.028422014862639563
-0.033301404799624394
0.03972536096952056
0.04908512974260819
-0.06350104474771906
-0.08948250225931158
0.14959777956098802
0.44976724796862144
0.44976724796862144
0.14959777956098802
-0.08948250225931158
-0.06350104474771906
0.04908512974260818
0.03972536096952056
-0.033301404799624394
-0.028422014862639563
0.024765319457287178
0.021722794789203807
-0.01934445955797168
-0.017235085033474557
0.015553007978663096
0.013985737027969144
-0.012726374592855269
-0.011505146670379052
0.010523347270702645
0.009539374829464327
-0.00875115533821803
-0.007939410266176856
0.007292921903623274
0.006612228466439329
-0.0060737984273769195
-0.0054968338298953595
0.00504367938469378
0.004551570848726706
-0.004167739670604258
-0.003746969255583511
0.0034209538742751185
0.003061498682938414
-0.00278477147057139
-0.0024789414470793715
0.0022450209146663035
0.0019867088377867152
-0.001790545526689757
-0.001574730310749716
0.0014122919245910478
0.0012347030455287604
-0.0011026877506497255
-0.0009595753471248653
0.00085520985437383
0.0007431860582843981
-0.0006640812112817495
-0.0005800106754075176
0.0005240569445925788
0.0004649820879318832
-0.0004302733409311059
-0.00039336454842031404
0.0003781422448414618
0.00036066627241347697