0.0438693548811348
0.01795306772288973
0.01308128725114905
0.0020944257389257093
-0.0130398095370938
-0.028645284026111197
-0.04011884376240239
-0.04326412846242458
-0.035684216447021896
-0.01793442476837101
0.006279411336923932
0.030770173251804103
0.048455643032743106
0.053202794590929636
0.04207239243467703
0.016345380931272357
-0.018378302562067267
-0.05324349388751621
-0.07869815477698966
-0.08696807441256929
-0.07466438052128169
-0.043942014047157085
-0.0023302079398717646
0.03924343670816191
0.06935035950668586
0.07939742528471132
0.06618120104389089
0.03305478894228068
-0.010936380000290433
-0.053419513591122784
-0.08238596765436836
-0.08956772412809942
-0.0730005463813361
-0.037575415837313886
0.006376344988701654
0.04622429470507511
0.07088050628520864
0.07423767120543477
0.05707424127851689
0.02686818225733597
-0.004542340820341995
-0.024650999137069092
-0.02436370750088089
-0.0010335059245904776
0.040388721634438275
0.08853729253217307
0.12888446748004032
0.14799133243791138
0.13763991168331297
0.09743491837543627
0.03518030706318964
-0.03518030706318964
-0.09743491837543627
-0.13763991168331297
-0.14799133243791138
-0.12888446748004032
-0.08853729253217307
-0.040388721634438275
0.0010335059245904776
0.02436370750088089
0.024650999137069092
0.004542340820341995
-0.02686818225733597
-0.05707424127851689
-0.07423767120543477
-0.07088050628520864
-0.04622429470507511
-0.006376344988701654
0.037575415837313886
0.0730005463813361
0.08956772412809942
0.08238596765436836
0.053419513591122784
0.010936380000290433
-0.03305478894228068
-0.06618120104389089
-0.07939742528471132
-0.06935035950668586
-0.03924343670816191
0.0023302079398717646
0.043942014047157085
0.07466438052128169
0.08696807441256929
0.07869815477698966
0.05324349388751621
0.018378302562067267
-0.016345380931272357
-0.04207239243467703
-0.053202794590929636
-0.048455643032743106
-0.030770173251804103
-0.006279411336923932
0.01793442476837101
0.035684216447021896
0.04326412846242458
0.04011884376240239
0.028645284026111197
0.0130398095370938
-0.0020944257389257093
-0.01308128725114905
-0.01795306772288973
-0.0438693548811348