0.000101046551
0.0003158453775
0.000493316108
0.0006024796294
0.0006121861415
0.0004967814923
0.0002452420472
-0.0001285060266
-0.0005777911291
-0.001022018698
-0.001355224008
-0.00146517196
-0.001260684544
-0.000701705145
0.0001756511245
0.001247322705
0.002309347885
0.003108398332
0.003392087414
0.002970631373
0.001776836155
-9.08E-05
-0.002355412333
-0.004589514539
-0.006282528353
-0.006941415253
-0.006206042276
-0.00395595186
-0.0003829646509
0.003992274357
0.00837268754
0.01180592169
0.01335937388
0.0123207891
0.008387068057
0.001801569677
-0.006594276269
-0.0154161974
-0.02290173431
-0.0271660859
-0.02651179928
-0.01974147801
-0.006417864509
0.01297900298
0.0370327744
0.06352265513
0.08969293167
0.1126221977
0.1296354828
0.1386932166
0.1386932166
0.1296354828
0.1126221977
0.08969293167
0.06352265513
0.0370327744
0.01297900298
-0.006417864509
-0.01974147801
-0.02651179928
-0.0271660859
-0.02290173431
-0.0154161974
-0.006594276269
0.001801569677
0.008387068057
0.0123207891
0.01335937388
0.01180592169
0.00837268754
0.003992274357
-0.0003829646509
-0.00395595186
-0.006206042276
-0.006941415253
-0.006282528353
-0.004589514539
-0.002355412333
-9.08E-05
0.001776836155
0.002970631373
0.003392087414
0.003108398332
0.002309347885
0.001247322705
0.0001756511245
-0.000701705145
-0.001260684544
-0.00146517196
-0.001355224008
-0.001022018698
-0.0005777911291
-0.0001285060266
0.0002452420472
0.0004967814923
0.0006121861415
0.0006024796294
0.000493316108
0.0003158453775
0.000101046551