-5.60E-06
-0.000123804
-2.62E-05
-5.26E-06
-4.65E-06
3.06E-05
7.10E-05
4.86E-05
2.07E-05
1.43E-05
-3.93E-05
-9.52E-05
-7.41E-05
-4.53E-05
-3.19E-05
4.50E-05
0.0001216
0.000106356
8.07E-05
6.04E-05
-4.47E-05
-0.000148066
-0.000144997
-0.000128582
-0.00010272
3.49E-05
0.000171589
0.000188756
0.000190204
0.00016224
-1.13E-05
-0.000187937
-0.000235186
-0.00026588
-0.000241759
-3.07E-05
0.000192027
0.00028071
0.000354905
0.00034353
9.61E-05
-0.000177473
-0.000320025
-0.000455077
-0.000469123
-0.000189912
0.000137292
0.000346542
0.000562307
0.000618423
0.000316497
-6.36E-05
-0.000351879
-0.000670794
-0.00078973
-0.000479309
-5.16E-05
0.000326509
0.000772295
0.000978884
0.000680496
0.000215971
-0.000259498
-0.000856468
-0.001179287
-0.000919832
-0.000436671
0.000139436
0.000910643
0.001381321
0.0011946
0.000719059
4.55E-05
-0.000920262
-0.001572125
-0.001498772
-0.001066268
-0.000306609
0.000869151
0.001735752
0.001822591
0.00147832
0.000653642
-0.000740189
-0.001853134
-0.002152102
-0.001951364
-0.001094179
0.000516094
0.001902602
0.002469086
0.002476847
0.001632324
-0.000180373
-0.001860348
-0.002750965
-0.003040974
-0.002267809
-0.000281479
0.0017014
0.002971045
0.003624175
0.002994849
0.000880667
-0.001400678
-0.003099152
-0.004200926
-0.003801204
-0.001623804
0.000934392
0.003102464
0.004739769
0.004667487
0.002511419
-0.000281604
-0.002946671
-0.005203825
-0.0055665
-0.003536709
-0.000574117
0.002597557
0.005551426
0.006463201
0.004684309
0.001642863
-0.002022727
-0.005737434
-0.007314646
-0.005929396
-0.002926615
0.001193612
0.005714771
0.008070798
0.007237013
0.004417572
-8.77E-05
-0.005436368
-0.00867549
-0.008561894
-0.006096705
-0.001309125
0.004857507
0.009068046
0.009848743
0.007932557
0.003000601
-0.003938391
-0.00918537
-0.011033065
-0.009880544
-0.00497777
0.002646896
0.008964442
0.012042589
0.011882768
0.007217296
-0.000961395
-0.008345273
-0.012799329
-0.013868404
-0.009680098
-0.001126504
0.007274135
0.013222144
0.01575484
0.012310541
0.00360942
-0.005706971
-0.013229965
-0.017449454
-0.015036209
-0.006462067
0.003612881
0.012745355
0.018852199
0.017768577
0.009639573
-0.000977456
-0.011698528
-0.019858814
-0.020404369
-0.013076583
-0.002194117
0.010031457
0.020364752
0.02282786
0.016687078
0.005874523
-0.007702112
-0.020269555
-0.024914044
-0.020365151
-0.010012372
0.00468843
0.01948164
0.026532569
0.023986766
0.014531098
-0.000991947
-0.017923308
-0.027552443
-0.027412523
-0.019328838
-0.003359157
0.015535713
0.027847288
0.030491434
0.024279386
0.008307838
-0.012283604
-0.027301086
-0.033065634
-0.029234292
-0.013766924
0.008159612
0.025814037
0.034975926
0.034026186
0.019619018
-0.003187789
-0.023308441
-0.036067987
-0.038473202
-0.025717668
-0.002573782
0.019734259
0.036199018
0.042384537
0.03188986
0.009031562
-0.015074058
-0.035244615
-0.045566882
-0.037939914
-0.016056431
0.009347131
0.033105521
0.047831645
0.043654615
0.023485069
-0.002612488
-0.029714018
-0.049002598
-0.04880965
-0.031122822
-0.005029508
0.025039625
0.048923752
0.053176976
0.038748122
0.013437013
-0.019093759
-0.047467114
-0.056533056
-0.046118396
-0.022428236
0.011933164
0.044539935
0.058667582
0.052977299
0.031784717
-0.003661765
-0.040091172
-0.059392382
-0.059063081
-0.041256317
-0.005569179
0.034116794
0.05855015
0.064117853
0.050567828
0.015562791
-0.026663598
-0.056022613
-0.067897356
-0.059427089
-0.026080204
0.017831344
0.05173774
0.070180947
0.067534316
0.036846083
-0.007772916
-0.045675671
-0.070781308
-0.074592377
-0.047555954
-0.003307544
0.037872961
0.069553572
0.080317625
0.057885096
0.015158659
-0.02842496
-0.066403329
-0.084450915
-0.067498796
-0.027487891
0.017486001
0.061293254
0.086768295
0.076063579
0.039969604
-0.005267355
-0.054247903
-0.08709102
-0.083258988
-0.052254882
-0.007967144
0.045356456
0.085294355
0.088789549
0.063982792
0.021907769
-0.034773171
-0.081314807
-0.092396333
-0.074792779
-0.036207718
0.022715441
0.0751554
0.09386772
0.084337757
0.050493851
-0.009459416
-0.066888719
-0.093048814
-0.092297442
-0.064379103
-0.004666706
0.056657462
0.089849127
0.09839155
0.0774762
0.019291535
-0.044672443
-0.084248068
-0.102392396
-0.089412369
-0.034011162
0.03120797
0.07629793
0.104136676
0.099844715
0.048401265
-0.016594741
-0.066124096
-0.103536271
-0.108476179
-0.062030037
0.001210414
0.053922171
0.100588389
0.115072224
0.074471316
0.0145318
-0.039951838
-0.09538596
-0.11947921
-0.085316916
-0.030196189
0.024527004
0.088130619
0.121646973
0.094186838
0.045338716
-0.008001305
-0.079153888
-0.121661897
-0.100734888
-0.059521818
-0.009253355
0.068960237
0.119806834
0.104644443
0.072329269
0.026882031
-0.058329876
-0.116694534
-0.105599989
-0.083380531
-0.044617528
0.048602737
0.113631636
0.103185522
0.092344009
0.062472239
-0.042638538
-0.113894284
-0.096484393
-0.098948727
-0.0815188
0.049420256
0.129487919
0.081654581
0.102993923
0.110410848
-0.134827483
-0.289413039
0.023279579
0.2956438
0.023279579
-0.289413039
-0.134827483
0.110410848
0.102993923
0.081654581
0.129487919
0.049420256
-0.0815188
-0.098948727
-0.096484393
-0.113894284
-0.042638538
0.062472239
0.092344009
0.103185522
0.113631636
0.048602737
-0.044617528
-0.083380531
-0.105599989
-0.116694534
-0.058329876
0.026882031
0.072329269
0.104644443
0.119806834
0.068960237
-0.009253355
-0.059521818
-0.100734888
-0.121661897
-0.079153888
-0.008001305
0.045338716
0.094186838
0.121646973
0.088130619
0.024527004
-0.030196189
-0.085316916
-0.11947921
-0.09538596
-0.039951838
0.0145318
0.074471316
0.115072224
0.100588389
0.053922171
0.001210414
-0.062030037
-0.108476179
-0.103536271
-0.066124096
-0.016594741
0.048401265
0.099844715
0.104136676
0.07629793
0.03120797
-0.034011162
-0.089412369
-0.102392396
-0.084248068
-0.044672443
0.019291535
0.0774762
0.09839155
0.089849127
0.056657462
-0.004666706
-0.064379103
-0.092297442
-0.093048814
-0.066888719
-0.009459416
0.050493851
0.084337757
0.09386772
0.0751554
0.022715441
-0.036207718
-0.074792779
-0.092396333
-0.081314807
-0.034773171
0.021907769
0.063982792
0.088789549
0.085294355
0.045356456
-0.007967144
-0.052254882
-0.083258988
-0.08709102
-0.054247903
-0.005267355
0.039969604
0.076063579
0.086768295
0.061293254
0.017486001
-0.027487891
-0.067498796
-0.084450915
-0.066403329
-0.02842496
0.015158659
0.057885096
0.080317625
0.069553572
0.037872961
-0.003307544
-0.047555954
-0.074592377
-0.070781308
-0.045675671
-0.007772916
0.036846083
0.067534316
0.070180947
0.05173774
0.017831344
-0.026080204
-0.059427089
-0.067897356
-0.056022613
-0.026663598
0.015562791
0.050567828
0.064117853
0.05855015
0.034116794
-0.005569179
-0.041256317
-0.059063081
-0.059392382
-0.040091172
-0.003661765
0.031784717
0.052977299
0.058667582
0.044539935
0.011933164
-0.022428236
-0.046118396
-0.056533056
-0.047467114
-0.019093759
0.013437013
0.038748122
0.053176976
0.048923752
0.025039625
-0.005029508
-0.031122822
-0.04880965
-0.049002598
-0.029714018
-0.002612488
0.023485069
0.043654615
0.047831645
0.033105521
0.009347131
-0.016056431
-0.037939914
-0.045566882
-0.035244615
-0.015074058
0.009031562
0.03188986
0.042384537
0.036199018
0.019734259
-0.002573782
-0.025717668
-0.038473202
-0.036067987
-0.023308441
-0.003187789
0.019619018
0.034026186
0.034975926
0.025814037
0.008159612
-0.013766924
-0.029234292
-0.033065634
-0.027301086
-0.012283604
0.008307838
0.024279386
0.030491434
0.027847288
0.015535713
-0.003359157
-0.019328838
-0.027412523
-0.027552443
-0.017923308
-0.000991947
0.014531098
0.023986766
0.026532569
0.01948164
0.00468843
-0.010012372
-0.020365151
-0.024914044
-0.020269555
-0.007702112
0.005874523
0.016687078
0.02282786
0.020364752
0.010031457
-0.002194117
-0.013076583
-0.020404369
-0.019858814
-0.011698528
-0.000977456
0.009639573
0.017768577
0.018852199
0.012745355
0.003612881
-0.006462067
-0.015036209
-0.017449454
-0.013229965
-0.005706971
0.00360942
0.012310541
0.01575484
0.013222144
0.007274135
-0.001126504
-0.009680098
-0.013868404
-0.012799329
-0.008345273
-0.000961395
0.007217296
0.011882768
0.012042589
0.008964442
0.002646896
-0.00497777
-0.009880544
-0.011033065
-0.00918537
-0.003938391
0.003000601
0.007932557
0.009848743
0.009068046
0.004857507
-0.001309125
-0.006096705
-0.008561894
-0.00867549
-0.005436368
-8.77E-05
0.004417572
0.007237013
0.008070798
0.005714771
0.001193612
-0.002926615
-0.005929396
-0.007314646
-0.005737434
-0.002022727
0.001642863
0.004684309
0.006463201
0.005551426
0.002597557
-0.000574117
-0.003536709
-0.0055665
-0.005203825
-0.002946671
-0.000281604
0.002511419
0.004667487
0.004739769
0.003102464
0.000934392
-0.001623804
-0.003801204
-0.004200926
-0.003099152
-0.001400678
0.000880667
0.002994849
0.003624175
0.002971045
0.0017014
-0.000281479
-0.002267809
-0.003040974
-0.002750965
-0.001860348
-0.000180373
0.001632324
0.002476847
0.002469086
0.001902602
0.000516094
-0.001094179
-0.001951364
-0.002152102
-0.001853134
-0.000740189
0.000653642
0.00147832
0.001822591
0.001735752
0.000869151
-0.000306609
-0.001066268
-0.001498772
-0.001572125
-0.000920262
4.55E-05
0.000719059
0.0011946
0.001381321
0.000910643
0.000139436
-0.000436671
-0.000919832
-0.001179287
-0.000856468
-0.000259498
0.000215971
0.000680496
0.000978884
0.000772295
0.000326509
-5.16E-05
-0.000479309
-0.00078973
-0.000670794
-0.000351879
-6.36E-05
0.000316497
0.000618423
0.000562307
0.000346542
0.000137292
-0.000189912
-0.000469123
-0.000455077
-0.000320025
-0.000177473
9.61E-05
0.00034353
0.000354905
0.00028071
0.000192027
-3.07E-05
-0.000241759
-0.00026588
-0.000235186
-0.000187937
-1.13E-05
0.00016224
0.000190204
0.000188756
0.000171589
3.49E-05
-0.00010272
-0.000128582
-0.000144997
-0.000148066
-4.47E-05
6.04E-05
8.07E-05
0.000106356
0.0001216
4.50E-05
-3.19E-05
-4.53E-05
-7.41E-05
-9.52E-05
-3.93E-05
1.43E-05
2.07E-05
4.86E-05
7.10E-05
3.06E-05
-4.65E-06
-5.26E-06
-2.62E-05
-0.000123804
-5.60E-06
