-2.24E-08
1.78E-08
9.55E-07
6.27E-07
-4.69E-07
5.28E-08
-4.02E-08
-1.81E-06
-1.14E-06
8.37E-07
-1.04E-07
7.76E-08
3.04E-06
1.86E-06
-1.35E-06
1.84E-07
-1.36E-07
-4.73E-06
-2.82E-06
2.05E-06
-3.04E-07
2.25E-07
7.00E-06
4.10E-06
-2.97E-06
4.79E-07
-3.54E-07
-9.98E-06
-5.74E-06
4.17E-06
-7.24E-07
5.36E-07
1.38E-05
7.81E-06
-5.69E-06
1.06E-06
-7.86E-07
-1.87E-05
-1.04E-05
7.60E-06
-1.52E-06
1.13E-06
2.48E-05
1.36E-05
-9.96E-06
2.11E-06
-1.58E-06
-3.23E-05
-1.75E-05
1.29E-05
-2.89E-06
2.17E-06
4.16E-05
2.21E-05
-1.64E-05
3.90E-06
-2.93E-06
-5.28E-05
-2.77E-05
2.06E-05
-5.17E-06
3.90E-06
6.62E-05
3.42E-05
-2.56E-05
6.76E-06
-5.13E-06
-8.22E-05
-4.19E-05
3.15E-05
-8.73E-06
6.66E-06
0.000101208
5.09E-05
-3.85E-05
1.12E-05
-8.56E-06
-0.000123524
-6.12E-05
4.66E-05
-1.41E-05
1.09E-05
0.000149604
7.31E-05
-5.60E-05
1.77E-05
-1.37E-05
-0.00017991
-8.68E-05
6.68E-05
-2.20E-05
1.72E-05
0.000214941
0.000102251
-7.92E-05
2.71E-05
-2.13E-05
-0.000255233
-0.000119765
9.34E-05
-3.32E-05
2.62E-05
0.00030136
0.000139485
-0.000109402
4.04E-05
-3.21E-05
-0.000353939
-0.000161591
0.000127528
-4.88E-05
3.90E-05
0.000413631
0.000186269
-0.000147923
5.86E-05
-4.71E-05
-0.000481141
-0.000213711
0.000170784
-7.00E-05
5.65E-05
0.000557222
0.000244117
-0.000196317
8.32E-05
-6.76E-05
-0.000642681
-0.000277693
0.000224739
-9.83E-05
8.04E-05
0.000738381
0.000314653
-0.000256279
0.000115644
-9.52E-05
-0.000845246
-0.000355219
0.000291176
-0.000135465
0.000112174
0.00096427
0.000399625
-0.000329687
0.000158031
-0.000131686
-0.001096526
-0.000448116
0.000372083
-0.000183644
0.000154002
0.001243175
0.000500951
-0.000418655
0.000212638
-0.000179453
-0.001405481
-0.000558411
0.000469718
-0.000245376
0.00020841
0.00158483
0.000620799
-0.000525614
0.000282262
-0.000241286
-0.001782753
-0.000688445
0.000586719
-0.000323746
0.000278541
0.002000951
0.000761721
-0.000653451
0.000370329
-0.000320695
-0.002241336
-0.000841043
0.00072628
-0.000422576
0.000368338
0.002506078
0.000926887
-0.000805741
0.000481128
-0.000422139
-0.002797662
-0.001019808
0.000892452
-0.000546722
0.000482872
0.00311897
0.001120456
-0.000987133
0.00062021
-0.000551435
-0.003473381
-0.001229608
0.001090639
-0.00070259
0.000628884
0.003864909
0.001348202
-0.001203995
0.000795047
-0.000716471
-0.004298379
-0.001477389
0.001328448
-0.000899004
0.000815706
0.004779672
0.001618593
-0.001465536
0.001016197
-0.000928429
-0.005316057
-0.001773604
0.001617182
-0.001148772
0.001056919
0.005916651
0.001944703
-0.001785828
0.001299427
-0.001204044
-0.006593069
-0.002134834
0.001974623
-0.001471615
0.001373482
0.00736037
0.002347865
-0.002187699
0.001669842
-0.001570036
-0.008238452
-0.002588964
0.002430583
-0.001900109
0.001800126
0.009254172
0.002865178
-0.002710829
0.002170609
-0.002072544
-0.010444689
-0.003186358
0.003039032
-0.002492839
0.002399684
0.011862906
0.003566661
-0.003430502
0.002883462
-0.00279962
-0.013586758
-0.004027156
0.003908181
-0.003367589
0.003299805
0.015735928
0.004600558
-0.004508027
0.003984911
-0.003944074
-0.018503997
-0.005340476
0.005289686
-0.004802062
0.004807033
0.022225649
0.00634112
-0.006359722
0.005940134
-0.006026807
-0.027533498
-0.007784525
0.007928844
-0.007644503
0.007890896
0.035783745
0.010073597
-0.010479875
0.01049915
-0.011112827
-0.050503396
-0.014312279
0.015415662
-0.016317735
0.018085201
0.084626359
0.025001807
-0.029240977
0.034975247
-0.044873222
-0.254562611
-0.106662181
0.318658795
0.318658795
-0.106662181
-0.254562611
-0.044873222
0.034975247
-0.029240977
0.025001807
0.084626359
0.018085201
-0.016317735
0.015415662
-0.014312279
-0.050503396
-0.011112827
0.01049915
-0.010479875
0.010073597
0.035783745
0.007890896
-0.007644503
0.007928844
-0.007784525
-0.027533498
-0.006026807
0.005940134
-0.006359722
0.00634112
0.022225649
0.004807033
-0.004802062
0.005289686
-0.005340476
-0.018503997
-0.003944074
0.003984911
-0.004508027
0.004600558
0.015735928
0.003299805
-0.003367589
0.003908181
-0.004027156
-0.013586758
-0.00279962
0.002883462
-0.003430502
0.003566661
0.011862906
0.002399684
-0.002492839
0.003039032
-0.003186358
-0.010444689
-0.002072544
0.002170609
-0.002710829
0.002865178
0.009254172
0.001800126
-0.001900109
0.002430583
-0.002588964
-0.008238452
-0.001570036
0.001669842
-0.002187699
0.002347865
0.00736037
0.001373482
-0.001471615
0.001974623
-0.002134834
-0.006593069
-0.001204044
0.001299427
-0.001785828
0.001944703
0.005916651
0.001056919
-0.001148772
0.001617182
-0.001773604
-0.005316057
-0.000928429
0.001016197
-0.001465536
0.001618593
0.004779672
0.000815706
-0.000899004
0.001328448
-0.001477389
-0.004298379
-0.000716471
0.000795047
-0.001203995
0.001348202
0.003864909
0.000628884
-0.00070259
0.001090639
-0.001229608
-0.003473381
-0.000551435
0.00062021
-0.000987133
0.001120456
0.00311897
0.000482872
-0.000546722
0.000892452
-0.001019808
-0.002797662
-0.000422139
0.000481128
-0.000805741
0.000926887
0.002506078
0.000368338
-0.000422576
0.00072628
-0.000841043
-0.002241336
-0.000320695
0.000370329
-0.000653451
0.000761721
0.002000951
0.000278541
-0.000323746
0.000586719
-0.000688445
-0.001782753
-0.000241286
0.000282262
-0.000525614
0.000620799
0.00158483
0.00020841
-0.000245376
0.000469718
-0.000558411
-0.001405481
-0.000179453
0.000212638
-0.000418655
0.000500951
0.001243175
0.000154002
-0.000183644
0.000372083
-0.000448116
-0.001096526
-0.000131686
0.000158031
-0.000329687
0.000399625
0.00096427
0.000112174
-0.000135465
0.000291176
-0.000355219
-0.000845246
-9.52E-05
0.000115644
-0.000256279
0.000314653
0.000738381
8.04E-05
-9.83E-05
0.000224739
-0.000277693
-0.000642681
-6.76E-05
8.32E-05
-0.000196317
0.000244117
0.000557222
5.65E-05
-7.00E-05
0.000170784
-0.000213711
-0.000481141
-4.71E-05
5.86E-05
-0.000147923
0.000186269
0.000413631
3.90E-05
-4.88E-05
0.000127528
-0.000161591
-0.000353939
-3.21E-05
4.04E-05
-0.000109402
0.000139485
0.00030136
2.62E-05
-3.32E-05
9.34E-05
-0.000119765
-0.000255233
-2.13E-05
2.71E-05
-7.92E-05
0.000102251
0.000214941
1.72E-05
-2.20E-05
6.68E-05
-8.68E-05
-0.00017991
-1.37E-05
1.77E-05
-5.60E-05
7.31E-05
0.000149604
1.09E-05
-1.41E-05
4.66E-05
-6.12E-05
-0.000123524
-8.56E-06
1.12E-05
-3.85E-05
5.09E-05
0.000101208
6.66E-06
-8.73E-06
3.15E-05
-4.19E-05
-8.22E-05
-5.13E-06
6.76E-06
-2.56E-05
3.42E-05
6.62E-05
3.90E-06
-5.17E-06
2.06E-05
-2.77E-05
-5.28E-05
-2.93E-06
3.90E-06
-1.64E-05
2.21E-05
4.16E-05
2.17E-06
-2.89E-06
1.29E-05
-1.75E-05
-3.23E-05
-1.58E-06
2.11E-06
-9.96E-06
1.36E-05
2.48E-05
1.13E-06
-1.52E-06
7.60E-06
-1.04E-05
-1.87E-05
-7.86E-07
1.06E-06
-5.69E-06
7.81E-06
1.38E-05
5.36E-07
-7.24E-07
4.17E-06
-5.74E-06
-9.98E-06
-3.54E-07
4.79E-07
-2.97E-06
4.10E-06
7.00E-06
2.25E-07
-3.04E-07
2.05E-06
-2.82E-06
-4.73E-06
-1.36E-07
1.84E-07
-1.35E-06
1.86E-06
3.04E-06
7.76E-08
-1.04E-07
8.37E-07
-1.14E-06
-1.81E-06
-4.02E-08
5.28E-08
-4.69E-07
6.27E-07
9.55E-07
1.78E-08
-2.24E-08
